@relation auto-analyze-full

@attribute ID numeric
@attribute neg numeric
@attribute neu numeric
@attribute pos numeric
@attribute compound numeric
@attribute class {negative,positive,neutral}

@data
21539,0.062,0.829,0.109,0.6501,negative
72377,0.017,0.763,0.22,0.9481,positive
9789,0,0.706,0.294,0.7684,neutral
7839,0.05,0.895,0.056,0.0541,neutral
43048,0,0.518,0.482,0.9559,positive
32685,0.06,0.94,0,-0.3041,negative
12336,0.025,0.848,0.127,0.7881,positive
53459,0.106,0.761,0.133,0.6853,positive
55165,0.059,0.719,0.222,0.9365,positive
49969,0.043,0.837,0.12,0.3716,positive
46750,0.099,0.763,0.139,0.7305,neutral
16093,0,0.894,0.106,0.8547,positive
7134,0,0.787,0.213,0.807,positive
30475,0,0.675,0.325,0.9464,positive
30684,0.031,0.901,0.068,0.8627,positive
39839,0.035,0.752,0.213,0.9808,negative
62514,0,0.597,0.403,0.8957,positive
29174,0.149,0.784,0.067,-0.6,neutral
26394,0,0.75,0.25,0.9685,positive
38307,0.015,0.819,0.166,0.9476,positive
9186,0.085,0.813,0.102,0.128,neutral
58230,0.084,0.804,0.112,0.4995,negative
62924,0.033,0.578,0.388,0.9729,positive
45348,0,0.899,0.101,0.8146,positive
50080,0,0.821,0.179,0.9852,positive
69382,0.006,0.756,0.238,0.9906,positive
53818,0.052,0.789,0.159,0.6109,positive
15530,0,1,0,0,positive
62273,0,0.651,0.349,0.986,positive
5458,0.042,0.828,0.129,0.9371,positive
11388,0.05,0.869,0.081,0.2425,negative
11884,0.054,0.765,0.181,0.5171,positive
54040,0.056,0.747,0.197,0.6293,positive
68832,0.18,0.802,0.019,-0.8922,neutral
13309,0.124,0.835,0.041,-0.6812,neutral
41716,0,0.825,0.175,0.9714,positive
3110,0.106,0.569,0.325,0.9274,neutral
43311,0.051,0.819,0.13,0.7544,positive
9259,0.054,0.911,0.036,-0.3682,negative
18863,0.04,0.898,0.062,0.4269,negative
51555,0.035,0.716,0.249,0.9894,positive
49092,0.014,0.714,0.272,0.9953,neutral
57492,0.061,0.792,0.148,0.8979,positive
10100,0.205,0.795,0,-0.7871,negative
9742,0,0.783,0.217,0.8737,positive
34027,0.01,0.933,0.057,0.8338,negative
24129,0,0.897,0.103,0.6705,positive
47498,0.076,0.686,0.238,0.9362,neutral
34784,0,0.492,0.508,0.9816,positive
2985,0,0.738,0.262,0.9819,positive
17432,0.092,0.895,0.013,-0.8879,negative
25611,0.2,0.8,0,-0.4575,negative
64476,0.064,0.674,0.262,0.906,positive
31858,0,0.865,0.135,0.7807,positive
18206,0.036,0.71,0.254,0.9896,positive
35638,0,0.808,0.192,0.8429,positive
10041,0.032,0.787,0.181,0.9099,positive
65026,0.048,0.78,0.172,0.7726,positive
36905,0.105,0.829,0.066,-0.3653,negative
22919,0.08,0.821,0.1,0.6965,negative
68351,0,1,0,0,negative
47251,0,0.826,0.174,0.9803,neutral
42663,0.05,0.604,0.346,0.9807,positive
67018,0.049,0.702,0.249,0.8555,neutral
57373,0.021,0.749,0.23,0.9858,positive
34081,0.066,0.849,0.085,0.34,negative
21090,0.133,0.819,0.048,-0.8968,neutral
38605,0,0.769,0.231,0.9263,positive
51710,0,0.695,0.305,0.9846,positive
30178,0.1,0.869,0.031,-0.5927,negative
33092,0.068,0.685,0.247,0.9083,positive
26079,0.048,0.741,0.211,0.8176,positive
614,0.044,0.762,0.194,0.9265,positive
8064,0.137,0.763,0.1,-0.3619,neutral
18773,0.079,0.813,0.108,0.6188,negative
1168,0,0.615,0.385,0.969,positive
32046,0,0.736,0.264,0.8702,positive
35307,0,0.815,0.185,0.9736,neutral
37206,0.033,0.707,0.26,0.9884,positive
45319,0,0.813,0.187,0.9661,neutral
23420,0,0.885,0.115,0.5994,positive
41960,0.141,0.859,0,-0.8255,negative
34861,0,0.835,0.165,0.6908,positive
19555,0.057,0.833,0.109,0.4215,negative
68751,0.028,0.876,0.096,0.7428,neutral
13481,0.042,0.909,0.049,0.203,positive
52857,0.109,0.891,0,-0.6808,negative
53343,0,0.894,0.106,0.3313,negative
69501,0,0.728,0.272,0.9639,positive
33024,0.078,0.862,0.06,-0.2756,negative
40344,0.079,0.832,0.089,0.1531,negative
38799,0.042,0.811,0.147,0.7717,negative
39785,0.158,0.802,0.04,-0.7862,negative
65778,0.015,0.844,0.141,0.965,neutral
30087,0.13,0.593,0.277,0.5727,positive
42613,0.128,0.846,0.026,-0.6381,neutral
37875,0.048,0.952,0,-0.1655,negative
52838,0.06,0.736,0.204,0.9652,positive
24024,0,0.912,0.088,0.4588,positive
35799,0.128,0.829,0.043,-0.6732,negative
37852,0.17,0.742,0.088,-0.8335,negative
53537,0.088,0.814,0.097,0.2006,positive
27487,0,0.619,0.381,0.9726,positive
24641,0.06,0.885,0.054,-0.0772,negative
22228,0.126,0.74,0.134,0.099,neutral
6980,0.019,0.774,0.207,0.9851,neutral
64799,0.018,0.833,0.149,0.9545,positive
47384,0.031,0.809,0.16,0.9322,positive
42503,0,0.715,0.285,0.9466,positive
19327,0.063,0.834,0.103,0.8211,positive
37102,0.164,0.739,0.097,-0.5414,negative
62515,0,0.731,0.269,0.7906,positive
45761,0.111,0.766,0.123,0.2368,neutral
55123,0.073,0.785,0.142,0.8735,positive
31234,0.042,0.864,0.094,0.7859,positive
53591,0.086,0.842,0.072,-0.1303,positive
44108,0,0.796,0.204,0.9274,positive
28903,0,0.871,0.129,0.7003,negative
42466,0,0.599,0.401,0.985,positive
8581,0.128,0.523,0.349,0.9021,positive
21995,0.022,0.781,0.198,0.9813,positive
57885,0.103,0.713,0.184,0.6711,positive
71946,0,0.886,0.114,0.4019,neutral
66363,0.078,0.804,0.118,0.7616,neutral
33181,0.036,0.712,0.253,0.9042,negative
8299,0.123,0.796,0.082,0.0387,negative
64777,0.119,0.812,0.07,-0.438,negative
9472,0.084,0.519,0.397,0.8975,positive
8384,0.222,0.778,0,-0.6908,negative
62243,0.028,0.718,0.254,0.9474,positive
41048,0.096,0.634,0.27,0.9136,positive
22318,0,0.808,0.192,0.7163,positive
70541,0.034,0.853,0.114,0.7845,positive
46999,0,0.637,0.363,0.6908,neutral
7762,0,0.779,0.221,0.8769,positive
36139,0,0.939,0.061,0.5399,negative
9153,0,0.949,0.051,0.1926,negative
40553,0,0.643,0.357,0.8779,positive
48469,0.017,0.824,0.158,0.9634,neutral
67993,0.184,0.759,0.057,-0.95,negative
67906,0,0.522,0.478,0.8091,positive
51783,0.019,0.82,0.161,0.9625,neutral
32785,0.073,0.849,0.078,-0.0121,negative
31247,0.099,0.781,0.12,0.5107,negative
61818,0,0.671,0.329,0.9825,positive
45493,0.03,0.764,0.205,0.9001,neutral
32560,0,0.795,0.205,0.9074,positive
71889,0,0.692,0.308,0.9438,positive
69071,0.051,0.749,0.2,0.7644,positive
47813,0.021,0.865,0.113,0.9302,neutral
31230,0,0.684,0.316,0.9231,positive
1838,0,0.879,0.121,0.8718,positive
58979,0,0.701,0.299,0.8268,positive
27880,0.224,0.776,0,-0.6561,neutral
32739,0.144,0.778,0.079,-0.6271,negative
61488,0,0.876,0.124,0.8309,positive
37617,0.104,0.799,0.096,-0.2453,negative
63494,0.203,0.797,0,-0.5142,negative
54766,0.021,0.709,0.27,0.9868,positive
49634,0.128,0.667,0.205,0.9202,neutral
7690,0.031,0.893,0.075,0.484,negative
45987,0.223,0.622,0.155,-0.6134,negative
27377,0,0.796,0.204,0.9636,positive
16700,0.04,0.926,0.034,-0.1027,negative
46177,0.075,0.702,0.223,0.9551,positive
54801,0,0.863,0.137,0.5411,positive
31979,0,0.664,0.336,0.7964,positive
1428,0.023,0.707,0.27,0.9948,positive
60115,0.041,0.708,0.251,0.9691,positive
67797,0.108,0.892,0,-0.4404,negative
52374,0,0.354,0.646,0.9872,positive
47649,0.093,0.789,0.118,0.6072,positive
72079,0.107,0.63,0.264,0.9135,positive
51659,0.063,0.667,0.27,0.9446,positive
38690,0.076,0.772,0.152,0.9093,positive
4023,0,0.931,0.069,0.5859,negative
8944,0.069,0.843,0.088,0.3472,negative
2310,0.152,0.811,0.038,-0.7647,negative
72049,0,0.763,0.237,0.9442,positive
47967,0.018,0.932,0.05,0.4939,neutral
29538,0.14,0.86,0,-0.4767,negative
16514,0,1,0,0,negative
70224,0,0.729,0.271,0.9868,positive
25989,0.036,0.833,0.131,0.6542,neutral
59277,0.108,0.82,0.071,-0.2344,negative
7187,0.057,0.684,0.259,0.7858,positive
11802,0,0.694,0.306,0.98,positive
39881,0.055,0.798,0.147,0.9479,neutral
47427,0.018,0.651,0.331,0.9942,neutral
11782,0.013,0.846,0.141,0.9334,positive
31396,0,0.81,0.19,0.9086,positive
23601,0,0.906,0.094,0.6908,positive
23133,0,1,0,0,positive
61937,0.04,0.767,0.192,0.9606,positive
25379,0.179,0.66,0.161,-0.6705,negative
9064,0.077,0.826,0.097,0.6143,neutral
46480,0.055,0.816,0.129,0.9068,positive
71558,0,0.78,0.22,0.9738,positive
23820,0.263,0.737,0,-0.886,negative
33597,0,0.87,0.13,0.5093,positive
34199,0,0.714,0.286,0.9469,positive
36987,0.104,0.896,0,-0.5423,negative
38267,0,0.782,0.218,0.9313,positive
1114,0.097,0.785,0.118,0.3612,neutral
23748,0.146,0.854,0,-0.4748,positive
44414,0.028,0.755,0.217,0.9891,positive
67256,0,1,0,0,negative
60441,0.044,0.781,0.175,0.9786,positive
47258,0.026,0.842,0.132,0.9566,positive
52551,0.05,0.72,0.23,0.9862,positive
31989,0,0.72,0.28,0.9954,positive
40798,0.039,0.805,0.155,0.7584,positive
53292,0.109,0.891,0,-0.5439,positive
57348,0.063,0.814,0.123,0.4505,positive
65708,0.057,0.712,0.231,0.9538,positive
746,0.047,0.821,0.132,0.893,positive
66783,0.077,0.562,0.361,0.9744,positive
30490,0.018,0.836,0.146,0.9379,negative
34166,0.1,0.744,0.156,0.5355,positive
45026,0.03,0.861,0.11,0.8228,neutral
37628,0.086,0.842,0.072,0.0258,negative
40586,0.065,0.779,0.156,0.5571,positive
59702,0.045,0.732,0.223,0.9694,positive
8691,0.051,0.949,0,-0.1027,negative
58641,0.017,0.719,0.264,0.9927,positive
62802,0,0.829,0.171,0.8687,positive
18324,0.19,0.716,0.094,-0.5106,negative
26063,0.087,0.778,0.135,0.3802,positive
35399,0,0.706,0.294,0.9765,positive
50820,0.013,0.921,0.066,0.8201,neutral
70159,0.179,0.798,0.023,-0.8845,positive
59507,0,0.723,0.277,0.9882,positive
9857,0,0.746,0.254,0.8975,positive
13656,0.01,0.932,0.059,0.836,positive
15143,0,0.892,0.108,0.5574,negative
37821,0.158,0.778,0.065,-0.6845,negative
8619,0.071,0.707,0.221,0.973,neutral
6302,0.154,0.822,0.024,-0.9302,negative
30763,0.143,0.857,0,-0.5904,negative
70577,0,0.542,0.458,0.9741,positive
57302,0,0.744,0.256,0.8745,positive
12473,0,0.832,0.168,0.5007,negative
68596,0.021,0.806,0.172,0.9741,positive
23448,0.057,0.784,0.159,0.7391,neutral
55709,0.079,0.665,0.256,0.6808,positive
40536,0.044,0.551,0.405,0.9334,positive
43656,0,0.828,0.172,0.6593,neutral
26156,0,0.801,0.199,0.8935,positive
55075,0,0.646,0.354,0.8858,positive
11354,0,0.832,0.168,0.6421,negative
63611,0,0.841,0.159,0.8736,positive
71067,0.02,0.828,0.152,0.9737,neutral
34464,0.056,0.785,0.159,0.9257,positive
51458,0,0.685,0.315,0.9665,positive
31080,0,0.6,0.4,0.7184,positive
33495,0.043,0.863,0.093,0.8407,positive
56060,0,0.731,0.269,0.9908,positive
63740,0,0.812,0.188,0.9681,positive
44290,0.025,0.777,0.198,0.9237,neutral
20167,0,0.918,0.082,0.3818,positive
68908,0.051,0.814,0.135,0.9472,positive
52515,0,0.811,0.189,0.886,positive
36966,0,1,0,0,negative
52073,0.042,0.772,0.185,0.8118,positive
20645,0,0.79,0.21,0.9919,positive
69336,0,1,0,0,positive
12338,0,1,0,0,positive
48280,0.045,0.772,0.182,0.9614,neutral
11514,0,0.782,0.218,0.8877,positive
34,0.024,0.906,0.069,0.7926,positive
36786,0.116,0.884,0,-0.623,negative
52826,0.054,0.902,0.043,-0.5451,negative
72305,0.119,0.7,0.181,0.5792,positive
33825,0.026,0.673,0.301,0.9928,positive
45596,0.072,0.894,0.034,-0.3818,neutral
42041,0.217,0.732,0.051,-0.8107,negative
10109,0.118,0.774,0.108,0.0593,negative
26398,0.031,0.761,0.208,0.9369,positive
68755,0.101,0.765,0.134,0.6486,neutral
37180,0.053,0.833,0.114,0.5045,positive
67259,0.068,0.722,0.21,0.9401,positive
18551,0.03,0.831,0.139,0.9355,positive
48586,0.041,0.672,0.287,0.9931,neutral
35743,0.114,0.721,0.165,0.332,positive
24095,0.072,0.928,0,-0.8503,negative
32031,0,0.784,0.216,0.89,positive
47493,0,0.833,0.167,0.9501,neutral
31980,0,0.602,0.398,0.9702,positive
28746,0.112,0.888,0,-0.7332,negative
3783,0,0.766,0.234,0.6705,positive
8778,0,0.762,0.238,0.9612,positive
48843,0.045,0.808,0.146,0.9517,neutral
70678,0.068,0.679,0.253,0.9688,neutral
715,0.023,0.842,0.135,0.8302,positive
42809,0.046,0.693,0.261,0.8393,positive
18459,0.052,0.681,0.268,0.9946,positive
53273,0.065,0.772,0.162,0.9211,positive
38848,0.099,0.795,0.106,-0.2789,negative
53442,0.075,0.822,0.103,-0.0249,negative
20144,0.047,0.881,0.072,0.6946,negative
25348,0.104,0.896,0,-0.6771,neutral
23444,0.113,0.739,0.148,0.1154,negative
24038,0,1,0,0,positive
24638,0.075,0.637,0.288,0.9549,positive
53102,0,0.61,0.39,0.9401,positive
5398,0,0.753,0.247,0.9846,positive
3258,0,0.847,0.153,0.8035,positive
30631,0.018,0.727,0.255,0.9746,positive
7072,0.08,0.92,0,-0.68,negative
10130,0.19,0.81,0,-0.792,negative
33108,0.013,0.681,0.305,0.9926,positive
47306,0.174,0.771,0.055,-0.7184,neutral
53865,0.034,0.753,0.212,0.9764,positive
11732,0,0.772,0.228,0.8516,positive
2689,0.057,0.62,0.323,0.9865,positive
58922,0,0.791,0.209,0.9216,positive
62609,0.083,0.688,0.229,0.8176,positive
41721,0,0.766,0.234,0.9523,positive
52313,0.051,0.949,0,-0.34,negative
2741,0.109,0.836,0.055,-0.5538,negative
67573,0.026,0.75,0.224,0.9183,neutral
12342,0,0.912,0.088,0.8904,neutral
4569,0.064,0.822,0.114,0.8326,negative
43710,0,0.664,0.336,0.9906,positive
26305,0,0.608,0.392,0.9381,positive
71615,0.023,0.801,0.177,0.9434,positive
55259,0.165,0.649,0.186,0.3544,positive
29013,0.098,0.865,0.037,-0.743,negative
7889,0.038,0.85,0.112,0.6695,neutral
51176,0.027,0.855,0.118,0.8481,positive
37592,0.101,0.757,0.142,0.547,negative
62073,0.039,0.786,0.175,0.9052,positive
49206,0.076,0.854,0.07,-0.446,neutral
58840,0.01,0.802,0.188,0.9843,positive
9949,0,0.701,0.299,0.8986,positive
46883,0.132,0.733,0.135,0.0541,neutral
9750,0,0.73,0.27,0.8502,positive
58810,0,0.646,0.354,0.9605,positive
28051,0,0.77,0.23,0.9582,positive
41849,0,0.679,0.321,0.8402,positive
36170,0.196,0.67,0.134,-0.7549,negative
60444,0.041,0.705,0.255,0.9685,positive
12765,0.21,0.685,0.105,-0.4464,negative
32032,0.041,0.667,0.292,0.9792,positive
26798,0.072,0.928,0,-0.2714,negative
62089,0.061,0.637,0.302,0.9922,positive
38515,0.085,0.838,0.077,-0.1531,negative
70603,0,0.594,0.406,0.5829,positive
3238,0.016,0.844,0.14,0.9543,positive
13100,0,0.711,0.289,0.9751,positive
217,0,0.652,0.348,0.9766,positive
46682,0.036,0.673,0.291,0.9686,neutral
27764,0.065,0.65,0.285,0.8796,positive
36124,0.058,0.549,0.393,0.9214,positive
21663,0.062,0.822,0.116,0.842,neutral
32075,0.044,0.677,0.279,0.9551,positive
41855,0,0.737,0.263,0.9146,positive
8728,0.093,0.784,0.123,0.7119,neutral
35349,0,0.651,0.349,0.932,positive
26940,0.099,0.768,0.133,0.8263,negative
9039,0.045,0.786,0.169,0.8197,positive
27479,0,0.829,0.171,0.9737,positive
11135,0.107,0.844,0.049,-0.3899,negative
42625,0,0.749,0.251,0.9545,positive
63979,0.124,0.754,0.122,-0.0247,negative
69443,0,1,0,0,negative
13796,0.042,0.814,0.144,0.9313,positive
17699,0,0.795,0.205,0.9628,positive
53942,0,0.747,0.253,0.9888,positive
23877,0.136,0.832,0.032,-0.8087,negative
44618,0.03,0.832,0.137,0.9247,negative
40033,0.063,0.861,0.076,-0.1623,neutral
11025,0,0.805,0.195,0.8302,positive
59077,0.08,0.766,0.154,0.8168,positive
36200,0.023,0.675,0.303,0.9616,positive
67704,0.079,0.859,0.062,0,positive
25033,0.07,0.664,0.267,0.9831,positive
51309,0.088,0.771,0.141,0.5816,neutral
24438,0.041,0.928,0.03,-0.0956,negative
35042,0,0.909,0.091,0.7184,negative
36375,0,1,0,0,positive
67828,0,0.498,0.502,0.9442,positive
46,0.058,0.805,0.138,0.4359,positive
15356,0.011,0.664,0.325,0.9902,positive
38494,0.022,0.769,0.209,0.936,positive
58721,0.016,0.829,0.155,0.8814,positive
46094,0.026,0.799,0.176,0.961,positive
45914,0.09,0.839,0.071,-0.1531,negative
59924,0.051,0.776,0.173,0.9697,positive
8380,0.089,0.728,0.184,0.4588,negative
25091,0.093,0.882,0.025,-0.6384,negative
48327,0.016,0.843,0.142,0.9496,neutral
10658,0.018,0.883,0.098,0.7886,neutral
21708,0.198,0.758,0.044,-0.9644,negative
23036,0.027,0.852,0.122,0.9274,neutral
47143,0.041,0.843,0.116,0.8801,neutral
7239,0,0.837,0.163,0.7249,positive
62482,0,0.854,0.146,0.4767,positive
43461,0.068,0.773,0.159,0.8871,neutral
22680,0.042,0.67,0.288,0.9905,positive
51667,0.148,0.675,0.176,-0.3228,negative
25431,0.081,0.851,0.068,-0.1027,positive
71303,0,0.714,0.286,0.8862,positive
25358,0.129,0.644,0.228,0.4596,negative
56341,0.02,0.784,0.196,0.9839,positive
12472,0.128,0.831,0.041,-0.605,negative
14075,0,0.799,0.201,0.93,positive
17356,0.059,0.773,0.168,0.9653,neutral
52643,0,1,0,0,negative
53353,0.037,0.733,0.23,0.8126,neutral
47995,0.016,0.877,0.107,0.9105,neutral
4839,0,0.867,0.133,0.8907,positive
34069,0.101,0.858,0.041,-0.8364,negative
35750,0.013,0.796,0.191,0.9839,positive
49812,0.013,0.769,0.218,0.9825,neutral
38491,0.126,0.672,0.202,0.7615,negative
36833,0,0.737,0.263,0.9353,positive
10353,0,0.787,0.213,0.865,positive
30608,0,0.536,0.464,0.9894,positive
65055,0.145,0.744,0.111,-0.3851,positive
1038,0,0.619,0.381,0.9766,positive
22624,0.055,0.778,0.166,0.9609,positive
3302,0.02,0.752,0.228,0.9903,positive
4553,0.03,0.815,0.155,0.9266,positive
53319,0.215,0.38,0.405,0.4588,positive
20688,0.038,0.781,0.18,0.9734,positive
41371,0.137,0.793,0.07,-0.4215,positive
11641,0,0.655,0.345,0.6996,positive
70104,0,0.797,0.203,0.9522,positive
29426,0.099,0.901,0,-0.296,positive
24574,0.048,0.757,0.195,0.8439,negative
63275,0,0.73,0.27,0.9022,positive
33539,0,0.79,0.21,0.6103,positive
29716,0.047,0.847,0.106,0.7391,negative
68777,0.074,0.816,0.11,0.5416,neutral
52820,0.04,0.769,0.191,0.9651,positive
44491,0.068,0.756,0.176,0.8355,neutral
41390,0,0.802,0.198,0.915,positive
66469,0.091,0.836,0.074,-0.6387,negative
37096,0.266,0.734,0,-0.6997,negative
42956,0,0.456,0.544,0.9589,positive
24108,0,0.736,0.264,0.6486,neutral
42865,0,0.654,0.346,0.9639,positive
4978,0,0.796,0.204,0.9762,positive
3098,0.043,0.801,0.156,0.9711,positive
44471,0.136,0.864,0,-0.7228,negative
63682,0.068,0.812,0.12,0.7994,positive
56986,0.051,0.793,0.156,0.9546,positive
52452,0.113,0.815,0.073,-0.4019,negative
57330,0,0.686,0.314,0.9798,positive
62698,0.038,0.775,0.187,0.9743,positive
29996,0.035,0.885,0.08,0.69,negative
46379,0,0.742,0.258,0.8957,neutral
24396,0.021,0.857,0.121,0.8825,positive
50523,0.086,0.629,0.285,0.9911,neutral
12920,0.069,0.827,0.104,0.6249,negative
48774,0.016,0.677,0.307,0.994,neutral
319,0,0.771,0.229,0.8847,positive
11235,0.045,0.868,0.087,0.709,positive
4724,0.027,0.585,0.388,0.9954,positive
70551,0,0.804,0.196,0.8316,positive
3219,0.022,0.779,0.199,0.9672,positive
26979,0.129,0.707,0.165,0.4102,negative
5472,0,0.756,0.244,0.9565,positive
12327,0.24,0.76,0,-0.7622,negative
34990,0.088,0.795,0.116,0,neutral
65208,0.025,0.645,0.33,0.9551,positive
50196,0.058,0.79,0.151,0.8526,neutral
39487,0,0.873,0.127,0.9309,negative
71467,0,0.789,0.211,0.9638,positive
42633,0.018,0.719,0.263,0.977,positive
3239,0.082,0.855,0.063,-0.1511,positive
36773,0,0.854,0.146,0.916,positive
17072,0.075,0.883,0.042,-0.8046,negative
6584,0.118,0.715,0.166,0.6838,negative
17106,0.169,0.641,0.19,0.4211,negative
5438,0,0.719,0.281,0.9715,positive
56215,0,0.852,0.148,0.7096,positive
2477,0.012,0.876,0.112,0.9009,negative
51820,0,0.774,0.226,0.9111,neutral
10868,0.395,0.605,0,-0.956,negative
45870,0.03,0.97,0,-0.3643,negative
65050,0.034,0.759,0.207,0.8959,positive
45030,0.064,0.709,0.226,0.9816,neutral
35450,0,0.483,0.517,0.9312,positive
9041,0.064,0.829,0.107,0.4404,negative
53599,0.113,0.887,0,-0.6708,negative
64811,0.014,0.938,0.048,0.611,neutral
9145,0,0.74,0.26,0.9729,positive
31317,0,0.683,0.317,0.9401,positive
513,0.087,0.857,0.055,-0.5709,negative
29218,0.026,0.685,0.289,0.9623,positive
42357,0.071,0.75,0.18,0.9147,positive
22889,0.047,0.678,0.275,0.9771,positive
8717,0,0.794,0.206,0.8862,neutral
31065,0,0.77,0.23,0.7627,positive
11257,0,0.797,0.203,0.9641,positive
44812,0.02,0.755,0.225,0.9726,neutral
29343,0.049,0.75,0.201,0.9586,negative
32922,0,0.918,0.082,0.8164,positive
41194,0.104,0.896,0,-0.296,positive
36761,0.076,0.729,0.195,0.8264,positive
55916,0,0.801,0.199,0.9863,positive
38745,0,0.731,0.269,0.9161,positive
14012,0.028,0.808,0.164,0.9781,positive
60166,0,0.647,0.353,0.9215,positive
3211,0,0.767,0.233,0.802,positive
32304,0,0.788,0.212,0.6792,positive
22157,0.091,0.646,0.263,0.9905,positive
29365,0.019,0.624,0.357,0.9946,positive
70283,0.04,0.71,0.25,0.9606,positive
34767,0.154,0.75,0.095,-0.6258,positive
70896,0,0.874,0.126,0.5844,positive
55557,0.056,0.836,0.108,0.4738,positive
11920,0.108,0.725,0.167,0.9065,negative
32220,0,0.55,0.45,0.9571,positive
51195,0,0.631,0.369,0.9734,neutral
45200,0.115,0.77,0.116,-0.2169,neutral
14948,0.138,0.748,0.114,0.0088,negative
196,0,0.684,0.316,0.902,positive
46278,0.027,0.801,0.173,0.9533,positive
10240,0.009,0.842,0.149,0.9777,positive
12285,0,0.848,0.152,0.8012,neutral
62417,0,0.585,0.415,0.9498,positive
69004,0.012,0.739,0.25,0.9798,positive
27056,0.042,0.869,0.09,0.5091,negative
9382,0,0.667,0.333,0.958,positive
8839,0.031,0.666,0.303,0.9377,positive
32290,0.029,0.945,0.026,-0.0772,negative
41405,0,0.795,0.205,0.9129,positive
71437,0.024,0.76,0.216,0.9703,positive
5536,0.022,0.871,0.107,0.8313,positive
55926,0.034,0.764,0.201,0.9784,positive
19197,0.181,0.689,0.13,-0.7078,negative
26956,0.252,0.701,0.048,-0.9929,negative
58197,0.059,0.811,0.13,0.9275,negative
70954,0,1,0,0,positive
64089,0,0.76,0.24,0.9661,positive
38040,0.033,0.91,0.058,0.4114,negative
31397,0.081,0.576,0.343,0.8984,positive
20297,0.106,0.792,0.101,-0.416,negative
47248,0,0.739,0.261,0.9958,neutral
67731,0,0.697,0.303,0.9042,positive
48283,0.051,0.736,0.213,0.9802,neutral
54979,0,0.872,0.128,0.7424,positive
72343,0,0.307,0.693,0.9062,positive
44180,0,0.87,0.13,0.4588,positive
34911,0.034,0.647,0.319,0.987,positive
41461,0,0.779,0.221,0.9124,positive
45253,0.076,0.853,0.071,-0.127,neutral
21068,0,0.626,0.374,0.9848,positive
18562,0.07,0.788,0.141,0.8726,positive
63775,0.014,0.742,0.245,0.974,positive
46316,0,1,0,0,negative
21162,0,0.873,0.127,0.8513,positive
45282,0.115,0.843,0.043,-0.7423,neutral
51915,0.056,0.894,0.051,-0.0516,negative
72353,0.024,0.794,0.183,0.9676,positive
68021,0.015,0.816,0.169,0.9524,positive
72069,0,0.83,0.17,0.9412,positive
12206,0.207,0.691,0.102,-0.6199,negative
13132,0.064,0.73,0.206,0.8806,negative
62850,0,0.73,0.27,0.9766,positive
13406,0.024,0.894,0.082,0.6269,negative
41525,0.023,0.862,0.115,0.9121,neutral
52224,0.022,0.866,0.112,0.8689,positive
51416,0.037,0.811,0.152,0.9478,positive
65312,0.04,0.852,0.108,0.6202,positive
40799,0.142,0.839,0.019,-0.9099,positive
25647,0.061,0.749,0.19,0.9825,positive
10797,0,0.645,0.355,0.9551,positive
53784,0.029,0.898,0.073,0.5423,positive
71531,0,0.838,0.162,0.4019,positive
57283,0.098,0.605,0.297,0.8714,positive
57052,0.029,0.757,0.214,0.9221,negative
27149,0.247,0.73,0.023,-0.9574,negative
61380,0,0.696,0.304,0.9888,positive
35461,0.053,0.858,0.089,0.5964,neutral
12882,0.188,0.801,0.011,-0.933,negative
5006,0.077,0.813,0.11,0.8389,negative
33777,0.048,0.802,0.15,0.7667,positive
28083,0.147,0.53,0.322,0.9506,positive
70369,0.037,0.787,0.176,0.9761,positive
64953,0.155,0.608,0.237,0.3578,positive
19002,0.026,0.866,0.108,0.8652,neutral
67287,0.106,0.811,0.082,-0.6197,positive
25880,0.038,0.783,0.179,0.9587,positive
12666,0.102,0.649,0.249,0.8604,neutral
54883,0.159,0.824,0.017,-0.9465,neutral
49319,0.092,0.514,0.395,0.7571,neutral
36954,0.172,0.775,0.053,-0.7061,negative
58620,0,0.749,0.251,0.9567,positive
59281,0.117,0.707,0.176,0.6528,neutral
30088,0.148,0.821,0.03,-0.93,negative
7590,0.104,0.718,0.178,0.7767,positive
46176,0.013,0.946,0.041,0.5284,neutral
45173,0.078,0.786,0.136,0.8568,neutral
27027,0.107,0.87,0.023,-0.8149,negative
21188,0,0.772,0.228,0.9804,neutral
48754,0.039,0.836,0.125,0.8987,positive
4571,0.253,0.747,0,-0.888,negative
23340,0.14,0.738,0.122,-0.2732,positive
70827,0,0.55,0.45,0.8478,positive
59096,0.008,0.667,0.324,0.9927,positive
12374,0,1,0,0,negative
71587,0.129,0.594,0.277,0.8722,positive
33197,0,0.827,0.173,0.9337,positive
8464,0.032,0.828,0.14,0.928,neutral
30722,0.035,0.748,0.217,0.9426,negative
44056,0,0.739,0.261,0.7717,positive
57209,0,0.566,0.434,0.9872,positive
63700,0.011,0.881,0.108,0.8901,positive
34368,0.101,0.899,0,-0.5423,negative
54358,0,0.744,0.256,0.9809,positive
69521,0.118,0.882,0,-0.2829,negative
25360,0.023,0.794,0.183,0.9201,neutral
37614,0.067,0.755,0.178,0.9659,negative
8550,0,0.754,0.246,0.9829,positive
52936,0.069,0.851,0.08,-0.4153,negative
42226,0,0.725,0.275,0.9002,positive
40163,0.022,0.778,0.201,0.9817,positive
46057,0,0.841,0.159,0.8388,positive
43149,0.053,0.733,0.215,0.9173,positive
10480,0,1,0,0,neutral
35604,0.029,0.807,0.164,0.872,positive
59627,0.077,0.75,0.173,0.7003,positive
48024,0.066,0.7,0.235,0.9014,neutral
930,0,0.834,0.166,0.4926,positive
71881,0.041,0.916,0.043,0.0772,negative
61202,0,0.7,0.3,0.9548,positive
19717,0.049,0.811,0.141,0.9518,negative
60074,0.013,0.77,0.217,0.9734,positive
9457,0,0.921,0.079,0.3612,negative
11261,0,0.621,0.379,0.7717,positive
41922,0,0.49,0.51,0.9627,positive
59987,0,0.834,0.166,0.7163,positive
67351,0.021,0.772,0.208,0.9899,positive
62950,0,0.83,0.17,0.5686,positive
11669,0.044,0.807,0.15,0.9513,neutral
8079,0.042,0.892,0.066,0.2222,negative
66231,0.094,0.771,0.135,0.7439,neutral
24536,0.058,0.872,0.07,0.1128,positive
72060,0.08,0.722,0.198,0.8225,negative
54344,0.06,0.79,0.15,0.8896,neutral
69159,0,0.692,0.308,0.9355,positive
60652,0,0.766,0.234,0.9635,positive
53844,0.345,0.655,0,-0.9416,negative
33325,0.045,0.837,0.119,0.5756,positive
4471,0.034,0.923,0.042,0.128,negative
60784,0,0.792,0.208,0.8885,positive
56543,0,0.867,0.133,0.7156,positive
30703,0,0.922,0.078,0.4215,neutral
36283,0.019,0.91,0.071,0.7717,positive
34936,0.024,0.732,0.245,0.9424,positive
12321,0.07,0.66,0.271,0.9062,positive
52356,0.231,0.769,0,-0.2732,neutral
11785,0.238,0.762,0,-0.7065,negative
70963,0,0.814,0.186,0.6249,positive
46574,0,0.682,0.318,0.9904,positive
66093,0,0.852,0.148,0.8513,neutral
43246,0.05,0.64,0.31,0.9355,positive
71957,0,0.865,0.135,0.7269,neutral
41444,0.068,0.645,0.287,0.9509,positive
53897,0.111,0.725,0.163,0.5296,positive
66389,0.089,0.753,0.157,0.9075,positive
29742,0.08,0.896,0.024,-0.7531,negative
1443,0.021,0.83,0.149,0.9778,neutral
63888,0,0.709,0.291,0.9269,positive
57879,0.083,0.73,0.187,0.8778,negative
9049,0.048,0.81,0.142,0.4997,negative
42200,0,0.698,0.302,0.9055,positive
32751,0.05,0.79,0.16,0.9313,positive
47232,0.013,0.891,0.096,0.8528,neutral
2942,0,0.868,0.132,0.4404,positive
53615,0.026,0.65,0.324,0.9965,positive
72239,0.012,0.87,0.117,0.8812,positive
51322,0.026,0.872,0.101,0.6934,neutral
33963,0.146,0.733,0.121,-0.572,negative
56339,0.025,0.807,0.168,0.9767,positive
8821,0.069,0.781,0.15,0.8572,neutral
12474,0.03,0.866,0.103,0.7003,positive
11315,0,0.668,0.332,0.9716,positive
58672,0,0.618,0.382,0.7778,positive
12423,0.115,0.864,0.022,-0.8807,negative
33146,0,0.664,0.336,0.9712,positive
8388,0,0.811,0.189,0.6369,positive
46180,0.06,0.6,0.34,0.9056,positive
40076,0.052,0.739,0.209,0.8811,positive
6732,0.318,0.682,0,-0.4948,negative
31972,0.094,0.716,0.19,0.8029,positive
40074,0.046,0.893,0.061,0.2846,neutral
24266,0,0.694,0.306,0.8974,positive
27740,0.065,0.841,0.094,0.8455,positive
9650,0.019,0.85,0.13,0.8831,negative
63579,0.023,0.76,0.217,0.9866,positive
12661,0,0.811,0.189,0.8316,negative
50038,0.021,0.763,0.216,0.984,neutral
72192,0.148,0.575,0.276,0.7293,positive
8922,0.114,0.852,0.033,-0.5803,negative
32841,0.09,0.86,0.05,-0.6387,negative
30245,0,1,0,0,negative
30605,0,0.79,0.21,0.962,positive
43354,0.056,0.595,0.35,0.9792,positive
61597,0,0.746,0.254,0.9115,positive
43405,0,0.671,0.329,0.8519,positive
30834,0,0.745,0.255,0.9852,positive
10277,0.268,0.664,0.068,-0.9135,negative
49849,0.072,0.687,0.241,0.919,neutral
49948,0,0.635,0.365,0.9584,neutral
38948,0.107,0.8,0.093,0.0997,negative
58099,0.044,0.891,0.065,0.3485,negative
72174,0.034,0.785,0.181,0.8576,positive
64253,0.07,0.598,0.331,0.9043,positive
36089,0,0.566,0.434,0.9635,positive
46631,0.078,0.728,0.194,0.9494,positive
64463,0.038,0.832,0.129,0.7269,neutral
16228,0.104,0.877,0.02,-0.8468,negative
66364,0,0.85,0.15,0.6893,neutral
48792,0.089,0.701,0.21,0.8226,positive
38807,0.144,0.689,0.167,0.5915,neutral
68058,0.111,0.889,0,-0.4083,negative
60088,0,0.677,0.323,0.8619,positive
21362,0.09,0.849,0.061,-0.3735,positive
50716,0.014,0.801,0.185,0.9389,positive
6642,0,0.827,0.173,0.8689,positive
8593,0.028,0.865,0.106,0.7717,negative
46232,0,0.793,0.207,0.9571,positive
9917,0.06,0.732,0.208,0.9273,positive
58689,0.26,0.673,0.067,-0.7308,positive
19215,0,0.816,0.184,0.8531,negative
54595,0.103,0.675,0.223,0.7013,positive
19990,0.023,0.765,0.213,0.9643,positive
30069,0.103,0.866,0.031,-0.7183,negative
65386,0.057,0.823,0.12,0.655,negative
10259,0,0.568,0.432,0.8864,positive
18059,0.094,0.906,0,-0.5296,negative
13229,0.017,0.713,0.27,0.9898,positive
16980,0.064,0.714,0.222,0.9783,negative
3817,0.022,0.775,0.203,0.9589,negative
55529,0.02,0.883,0.096,0.7096,positive
71475,0.082,0.547,0.371,0.95,positive
28806,0.1,0.816,0.085,-0.1263,negative
68693,0,0.837,0.163,0.8975,positive
52992,0.008,0.753,0.239,0.9812,positive
8311,0.015,0.851,0.135,0.9536,negative
12663,0,0.681,0.319,0.9325,positive
65870,0.08,0.867,0.053,-0.6959,negative
62804,0,0.714,0.286,0.9516,positive
55021,0.066,0.676,0.257,0.9882,positive
63688,0,0.756,0.244,0.8986,neutral
49077,0.048,0.845,0.108,0.7629,positive
45404,0.029,0.874,0.097,0.8074,neutral
45993,0.049,0.766,0.185,0.8825,positive
57273,0,0.864,0.136,0.8271,positive
49441,0,0.872,0.128,0.7214,positive
72072,0,0.586,0.414,0.9513,positive
59968,0,0.832,0.168,0.7389,positive
29973,0,1,0,0,positive
29825,0.228,0.772,0,-0.8217,negative
32724,0.037,0.845,0.118,0.9469,positive
50043,0.035,0.809,0.157,0.9159,positive
21850,0.058,0.88,0.062,0.0516,negative
15026,0.062,0.899,0.039,-0.128,negative
45728,0.011,0.855,0.134,0.9491,neutral
1778,0,1,0,0,negative
39748,0.02,0.733,0.247,0.9937,negative
2502,0.018,0.746,0.236,0.982,positive
827,0,0.847,0.153,0.8271,positive
31384,0,0.802,0.198,0.5719,positive
29149,0,0.751,0.249,0.9598,positive
41764,0.018,0.694,0.288,0.9921,positive
9579,0.007,0.834,0.159,0.9777,positive
10880,0,0.626,0.374,0.9747,positive
1219,0.06,0.813,0.127,0.3612,negative
63912,0,0.74,0.26,0.8562,neutral
28969,0.123,0.816,0.061,-0.3193,neutral
9663,0.17,0.697,0.133,-0.5455,positive
54963,0.065,0.856,0.079,0.126,positive
52393,0.05,0.89,0.06,0.2732,negative
34317,0,0.876,0.124,0.8784,positive
29570,0.066,0.747,0.187,0.9321,positive
27758,0.111,0.617,0.272,0.6411,positive
39876,0.03,0.895,0.075,0.7865,negative
36501,0.077,0.786,0.138,0.6731,neutral
62530,0.047,0.708,0.245,0.991,positive
55366,0.023,0.81,0.167,0.909,positive
29242,0,0.812,0.188,0.5007,negative
11255,0.041,0.804,0.155,0.8853,positive
27555,0,0.75,0.25,0.9493,positive
22374,0.014,0.848,0.138,0.952,positive
34157,0,0.735,0.265,0.9681,positive
16233,0,0.86,0.14,0.7893,positive
64254,0.035,0.776,0.189,0.893,positive
38044,0.271,0.729,0,-0.8762,negative
59886,0.026,0.627,0.346,0.9818,positive
63885,0.129,0.805,0.065,-0.6668,negative
23810,0,0.725,0.275,0.989,neutral
25612,0.396,0.545,0.058,-0.9558,negative
5165,0.141,0.753,0.106,-0.611,negative
31333,0,0.65,0.35,0.9325,positive
69307,0,1,0,0,positive
68743,0.035,0.797,0.168,0.7156,positive
38534,0.07,0.754,0.177,0.969,positive
12784,0,0.751,0.249,0.9615,positive
55656,0,1,0,0,positive
29697,0.017,0.882,0.101,0.8265,neutral
52846,0.127,0.606,0.267,0.8061,positive
193,0.115,0.732,0.152,0.6143,negative
53266,0,0.918,0.082,0.5673,positive
23257,0,0.873,0.127,0.4927,positive
67024,0.022,0.895,0.083,0.7506,neutral
25404,0.064,0.837,0.1,0.2263,negative
26899,0.128,0.808,0.064,-0.7585,negative
45706,0.097,0.797,0.107,0.2668,neutral
46657,0.068,0.749,0.183,0.9371,positive
43458,0,0.861,0.139,0.7964,neutral
54619,0.034,0.795,0.171,0.9681,positive
69754,0,0.748,0.252,0.9578,positive
25038,0,0.688,0.312,0.9831,positive
64711,0,0.689,0.311,0.9966,positive
23611,0.044,0.875,0.081,0.6254,positive
9735,0,1,0,0,neutral
70320,0.089,0.675,0.236,0.9798,positive
41712,0.028,0.786,0.186,0.8919,positive
49448,0.041,0.873,0.086,0.5852,neutral
33734,0.065,0.761,0.173,0.6085,positive
41232,0.008,0.705,0.287,0.9926,positive
41271,0,1,0,0,positive
35355,0.027,0.777,0.196,0.9405,positive
12613,0.059,0.758,0.183,0.9701,neutral
27379,0.026,0.879,0.095,0.7096,positive
6734,0.033,0.679,0.289,0.9507,positive
20052,0,0.764,0.236,0.9713,positive
53547,0.161,0.757,0.081,-0.6083,positive
45257,0.085,0.748,0.167,0.9112,neutral
39198,0.04,0.804,0.156,0.6369,neutral
7961,0,0.698,0.302,0.8555,positive
22776,0.066,0.866,0.069,0.0258,neutral
22028,0.023,0.832,0.145,0.9284,negative
58468,0.054,0.811,0.135,0.6369,positive
63291,0.02,0.721,0.258,0.9674,positive
46855,0,0.83,0.17,0.9411,positive
58733,0.052,0.823,0.125,0.8154,positive
20263,0,0.619,0.381,0.9298,positive
64418,0.099,0.884,0.017,-0.6603,negative
7426,0.119,0.569,0.312,0.8881,positive
19378,0.083,0.857,0.06,-0.4728,negative
55894,0.019,0.852,0.128,0.9013,positive
67943,0,0.936,0.064,0.7142,positive
70155,0.007,0.799,0.194,0.9883,positive
27188,0.068,0.844,0.088,0.2041,negative
31393,0,0.611,0.389,0.9755,positive
42230,0,0.881,0.119,0.8779,positive
66631,0.11,0.89,0,-0.6381,negative
62271,0,0.766,0.234,0.988,positive
40514,0.133,0.75,0.117,-0.296,negative
18155,0.147,0.786,0.067,-0.9407,negative
11976,0.105,0.723,0.172,0.6021,positive
48475,0.029,0.771,0.2,0.9772,neutral
66848,0.13,0.793,0.076,-0.4295,negative
52941,0.022,0.857,0.121,0.9511,neutral
29479,0,0.83,0.17,0.8025,positive
43469,0.019,0.756,0.226,0.9732,positive
60867,0,0.714,0.286,0.886,positive
54606,0.069,0.931,0,-0.408,positive
8401,0.045,0.839,0.116,0.3903,negative
14011,0,0.783,0.217,0.9822,positive
32288,0.168,0.832,0,-0.7558,negative
38067,0.094,0.79,0.116,0.6504,negative
33323,0.053,0.947,0,-0.5423,negative
62835,0.076,0.748,0.175,0.9472,positive
52478,0.065,0.812,0.122,0.6467,negative
10647,0.049,0.669,0.282,0.9877,positive
27840,0.278,0.606,0.117,-0.8519,negative
12984,0.168,0.832,0,-0.6186,negative
24892,0.078,0.699,0.223,0.6588,positive
33686,0.058,0.704,0.238,0.977,positive
4249,0.014,0.825,0.161,0.9464,negative
64501,0.026,0.757,0.216,0.9839,positive
42534,0,0.76,0.24,0.9901,positive
32594,0.141,0.859,0,-0.5583,negative
39678,0.112,0.843,0.045,-0.5603,neutral
29595,0.05,0.884,0.067,0.0351,negative
58833,0,0.694,0.306,0.9324,positive
45998,0.109,0.659,0.233,0.4939,positive
8852,0,1,0,0,negative
35407,0.123,0.813,0.064,-0.424,negative
56855,0.052,0.744,0.204,0.9602,positive
659,0,0.722,0.278,0.9853,positive
37122,0.159,0.841,0,-0.5991,negative
35351,0,0.654,0.346,0.9552,positive
44040,0.051,0.69,0.259,0.9769,positive
5683,0,0.676,0.324,0.8011,positive
48829,0.049,0.697,0.254,0.9756,neutral
32333,0.035,0.851,0.114,0.8977,negative
59276,0,1,0,0,negative
34109,0.021,0.829,0.15,0.8299,neutral
59433,0,0.86,0.14,0.8815,negative
19774,0.086,0.699,0.214,0.9038,positive
58056,0.094,0.828,0.077,-0.3549,negative
12614,0.059,0.888,0.053,-0.1638,negative
38323,0,0.752,0.248,0.5106,negative
55408,0.078,0.741,0.181,0.61,positive
71700,0,0.66,0.34,0.9756,positive
17667,0.011,0.781,0.209,0.9844,positive
36659,0,0.816,0.184,0.7435,positive
25923,0.014,0.762,0.224,0.9849,positive
29789,0.115,0.849,0.037,-0.8887,negative
62720,0,0.684,0.316,0.9239,positive
11856,0.019,0.906,0.074,0.7029,negative
8776,0.15,0.801,0.049,-0.5053,negative
35088,0,0.775,0.225,0.9538,neutral
34566,0.046,0.851,0.103,0.9125,negative
49166,0.036,0.802,0.162,0.9441,neutral
58134,0.097,0.777,0.127,0.0094,negative
348,0,0.859,0.141,0.6806,positive
58014,0.065,0.64,0.295,0.9911,positive
1658,0.065,0.718,0.217,0.9435,positive
44755,0.018,0.78,0.202,0.9847,neutral
17038,0.029,0.886,0.085,0.8781,positive
14385,0.111,0.619,0.27,0.8585,positive
19754,0.088,0.765,0.147,0.857,negative
64473,0.043,0.823,0.134,0.8129,negative
59725,0,0.867,0.133,0.5673,positive
55225,0,0.68,0.32,0.9625,positive
53605,0,0.54,0.46,0.9508,positive
515,0.084,0.916,0,-0.5423,negative
26436,0,0.657,0.343,0.9396,positive
59762,0,0.86,0.14,0.9253,positive
34724,0,0.646,0.354,0.8528,positive
38623,0,0.679,0.321,0.9632,positive
62248,0,0.645,0.355,0.8268,positive
8497,0.185,0.715,0.099,-0.4885,negative
11005,0,0.873,0.127,0.9583,positive
24672,0.074,0.717,0.209,0.8832,negative
38029,0.071,0.855,0.074,0.0905,negative
56691,0,0.681,0.319,0.9538,positive
24844,0,0.722,0.278,0.4019,neutral
53244,0.009,0.781,0.21,0.9804,positive
60738,0,0.788,0.212,0.8065,positive
202,0.036,0.655,0.309,0.9491,positive
66784,0.043,0.811,0.146,0.9206,positive
7623,0.146,0.775,0.078,-0.8823,negative
29028,0.177,0.791,0.032,-0.8506,negative
48300,0,0.954,0.046,0.5023,positive
34788,0,0.629,0.371,0.7703,positive
71975,0.16,0.739,0.101,-0.3612,negative
63380,0,0.855,0.145,0.6588,positive
49470,0,0.794,0.206,0.8225,neutral
25532,0.083,0.795,0.122,0.0027,negative
25384,0,0.952,0.048,0.2263,negative
10191,0.099,0.629,0.272,0.9847,negative
2060,0,0.719,0.281,0.9832,positive
27388,0.134,0.866,0,-0.5417,negative
33232,0,0.5,0.5,0.9325,positive
54774,0.067,0.834,0.098,0.3946,positive
11196,0.071,0.797,0.132,0.6988,negative
17488,0.184,0.793,0.023,-0.9078,negative
2251,0.027,0.848,0.125,0.9136,positive
33107,0,0.89,0.11,0.7035,positive
65719,0.06,0.788,0.152,0.9022,neutral
18571,0.036,0.939,0.025,-0.2695,negative
65582,0.073,0.766,0.161,0.9552,positive
69114,0.086,0.729,0.185,0.7778,positive
64387,0.048,0.952,0,-0.3612,negative
64082,0,0.708,0.292,0.9493,positive
44579,0.107,0.893,0,-0.6707,positive
50827,0.054,0.783,0.163,0.9153,neutral
3083,0.009,0.738,0.253,0.9917,positive
37557,0.118,0.882,0,-0.7723,negative
1251,0.046,0.812,0.142,0.8868,positive
35011,0,0.737,0.263,0.8333,positive
23706,0.029,0.82,0.151,0.9186,positive
46241,0.041,0.796,0.163,0.9291,negative
8958,0,0.729,0.271,0.9645,neutral
46952,0,0.828,0.172,0.9743,neutral
9415,0.019,0.74,0.242,0.99,positive
1209,0,0.752,0.248,0.9216,positive
26419,0.039,0.55,0.411,0.991,neutral
71035,0,0.756,0.244,0.9572,positive
2906,0.101,0.787,0.112,0.597,positive
49189,0.048,0.628,0.324,0.9887,neutral
44838,0.106,0.774,0.12,0.0018,neutral
45219,0.114,0.801,0.085,-0.8566,neutral
33369,0,1,0,0,neutral
19733,0.073,0.763,0.164,0.9673,positive
13650,0.073,0.764,0.163,0.7753,positive
11206,0,0.845,0.155,0.5106,negative
7208,0,0.647,0.353,0.7959,positive
48741,0.093,0.84,0.067,-0.6747,neutral
64580,0,0.834,0.166,0.9252,positive
69690,0.308,0.568,0.124,-0.5017,positive
8015,0.075,0.748,0.177,0.7406,neutral
23068,0,0.886,0.114,0.9078,positive
11438,0,0.632,0.368,0.8462,positive
7374,0.093,0.766,0.142,0.7962,negative
7461,0.026,0.908,0.066,0.6369,negative
52097,0.023,0.781,0.196,0.9449,positive
14053,0.05,0.804,0.145,0.9363,negative
35384,0.069,0.505,0.426,0.9378,positive
56029,0.032,0.813,0.155,0.9805,positive
64234,0,0.921,0.079,0.6652,neutral
28112,0.051,0.776,0.173,0.949,positive
50383,0.031,0.826,0.143,0.9741,neutral
42787,0.121,0.879,0,-0.6697,negative
72031,0,0.634,0.366,0.9726,positive
31896,0,0.564,0.436,0.9312,positive
35170,0,0.489,0.511,0.9394,positive
51319,0,0.889,0.111,0.3612,positive
27997,0,0.658,0.342,0.636,positive
38739,0.136,0.864,0,-0.8402,negative
58101,0.099,0.901,0,-0.5267,negative
11586,0,0.709,0.291,0.8313,positive
5231,0.065,0.594,0.341,0.9664,positive
33540,0.056,0.56,0.384,0.9607,positive
4743,0.076,0.747,0.177,0.8556,positive
4351,0.056,0.781,0.163,0.9169,neutral
18434,0,0.679,0.321,0.9942,positive
709,0.023,0.773,0.204,0.9537,positive
28036,0.167,0.72,0.113,-0.9222,negative
28798,0,0.852,0.148,0.3182,negative
62219,0.036,0.841,0.123,0.7713,positive
26794,0.084,0.916,0,-0.4321,negative
51065,0,0.692,0.308,0.9935,neutral
47446,0.038,0.917,0.046,0.1766,neutral
42157,0,0.862,0.138,0.5848,positive
61270,0.042,0.652,0.306,0.9902,positive
25820,0.052,0.72,0.229,0.9497,positive
64989,0.077,0.808,0.115,0.6164,negative
46001,0,0.788,0.212,0.9742,positive
26301,0,1,0,0,positive
9210,0.038,0.805,0.157,0.6678,negative
9532,0,0.753,0.247,0.9256,positive
42116,0,0.759,0.241,0.9676,positive
71642,0.059,0.87,0.071,0.2174,positive
31714,0,0.716,0.284,0.9201,positive
62989,0.048,0.637,0.315,0.9714,positive
30688,0.097,0.65,0.253,0.8873,positive
42822,0.3,0.579,0.12,-0.6553,negative
55182,0,0.721,0.279,0.9616,positive
27883,0.112,0.542,0.347,0.6705,negative
51673,0.033,0.882,0.084,0.5483,neutral
9166,0.168,0.758,0.074,-0.743,negative
10113,0,0.685,0.315,0.972,positive
27788,0.079,0.789,0.132,0.2357,negative
47091,0.023,0.75,0.227,0.9865,neutral
10465,0,0.715,0.285,0.9542,positive
55937,0.043,0.76,0.197,0.9576,positive
18018,0.014,0.826,0.159,0.9758,positive
37373,0.188,0.779,0.033,-0.9567,negative
61045,0.086,0.646,0.268,0.8935,positive
38682,0.089,0.811,0.101,0.182,negative
30049,0,0.927,0.073,0.8462,negative
57801,0.062,0.744,0.194,0.9736,neutral
39046,0.11,0.82,0.07,-0.8022,negative
26426,0,0.896,0.104,0.624,positive
27001,0.046,0.861,0.093,0.6808,negative
37295,0,1,0,0,neutral
4938,0.162,0.803,0.035,-0.9462,negative
67372,0,1,0,0,negative
